#
# 7-state HMM from lecture
#

hidden
1 2 3 4 5 6 7

observables
A C G T 

pi
0.00 0.00 0.00 1.00 0.00 0.00 0.00

transitions 
0.00 0.00 0.90 0.10 0.00 0.00 0.00
1.00 0.00 0.00 0.00 0.00 0.00 0.00
0.00 1.00 0.00 0.00 0.00 0.00 0.00
0.00 0.00 0.05 0.90 0.05 0.00 0.00
0.00 0.00 0.00 0.00 0.00 1.00 0.00
0.00 0.00 0.00 0.00 0.00 0.00 1.00
0.00 0.00 0.00 0.10 0.90 0.00 0.00

emissions
0.30 0.25 0.25 0.20
0.20 0.35 0.15 0.30
0.40 0.15 0.20 0.25
0.25 0.25 0.25 0.25
0.20 0.40 0.30 0.10
0.30 0.20 0.30 0.20
0.15 0.30 0.20 0.35
